CREATE TABLE `report` (
  `product_name` varchar(40) NOT NULL,
  `yeild` float NOT NULL,
  `time` float NOT NULL,
  `emy` float NOT NULL,
  `ae` float NOT NULL,
  `aef` float NOT NULL,
  `ce` float NOT NULL,
  `rme` float NOT NULL,
  `oe` float NOT NULL,
  `pmi` float NOT NULL,
  `mi` float NOT NULL,
  `mp` float NOT NULL,
  `e_factor` float NOT NULL,
  `si` float NOT NULL,
  `wi` float NOT NULL,
  `ton` float NOT NULL,
  `tof` float NOT NULL,
  `user` varchar(40) NOT NULL,
  PRIMARY KEY (`product_name`,`yeild`,`time`,`user`)
);


INSERT INTO `report` (`product_name`, `yeild`, `time`, `emy`, `ae`, `aef`, `ce`, `rme`, `oe`, `pmi`, `mi`, `mp`, `e_factor`, `si`, `wi`, `ton`, `tof`, `user`) VALUES
('2-Br', 90, 60, 35.988, 96.215, 86.593, 100, 35.988, 37.404, 16.495, 2.779, 35.988, 1.833, 0, 27.322, 20.227, 0.337, 'user3'),
('2-Cl', 85, 42, 87.805, 93.59, 79.552, 93, 87.805, 93.818, 20.98, 1.139, 87.805, 0.139, 0, 39.683, 3.036, 0.072, 'user1'),
('2-Cl', 90, 65, 85.979, 95.285, 85.757, 100, 85.979, 90.233, 16.609, 1.163, 85.979, 0.225, 0, 30.769, 20.227, 0.311, 'user2'),
('2-Cl', 92, 30, 87.5, 95.132, 87.521, 100, 87.5, 91.978, 16.733, 1.143, 87.5, 0.205, 0, 31.056, 20.682, 0.689, 'user1'),
('2-NO2', 92, 30, 87.599, 95.249, 87.629, 100, 87.599, 91.968, 16.262, 1.142, 87.599, 0.202, 0, 30.12, 20.682, 0.689, 'user1'),
('2-NO2', 92, 60, 87.724, 95.393, 87.761, 100, 87.724, 91.961, 15.776, 1.14, 87.724, 0.198, 0, 29.155, 20.682, 0.345, 'user2'),
('2-Thiophene', 93, 70, 88.068, 94.886, 88.244, 100, 88.068, 92.815, 17.329, 1.135, 88.068, 0.2, 0, 32.258, 20.909, 0.299, 'user1'),
('3 4 5(OCH3)', 95, 68, 91.055, 95.871, 91.077, 100, 91.055, 94.977, 13.743, 1.098, 91.055, 0.149, 0, 25.189, 21.364, 0.356, 'user1'),
('3-Cl', 88, 60, 84.127, 95.814, 84.316, 100, 84.127, 87.803, 48.358, 1.189, 84.127, 0.252, 0, 31.447, 19.773, 0.33, 'user2'),
('3-Cl', 91, 35, 86.413, 95.132, 86.57, 100, 86.413, 90.835, 16.943, 1.157, 86.413, 0.22, 0, 31.447, 20.455, 0.584, 'user1'),
('3-NO2', 93, 35, 88.391, 95.249, 88.582, 100, 88.391, 92.799, 16.116, 1.131, 88.391, 0.191, 0, 29.851, 20.909, 0.597, 'user1'),
('3-NO2', 94, 65, 89.514, 95.393, 89.669, 100, 89.514, 93.838, 15.46, 1.117, 89.514, 0.174, 0, 28.571, 21.136, 0.325, 'user2'),
('4-Cl', 94, 30, 89.402, 94.928, 89.232, 100, 89.402, 94.179, 16.377, 1.119, 89.402, 0.179, 0, 30.395, 21.136, 0.705, 'user1'),
('4-Cl', 96, 70, 91.799, 95.285, 91.474, 100, 91.799, 96.341, 15.556, 1.089, 91.799, 0.147, 0, 28.818, 21.591, 0.308, 'user2'),
('4-CN', 91, 30, 86.351, 94.988, 86.439, 100, 86.351, 90.907, 17.352, 1.158, 86.351, 0.223, 0, 32.258, 20.455, 0.682, 'user2'),
('4-CN', 94, 60, 95.664, 101.819, 95.71, 100, 95.664, 93.954, 15.266, 1.045, 95.664, 1.102, 0, 28.329, 21.136, 0.352, 'user3'),
('4-Me', 88, 35, 83.333, 94.827, 83.448, 100, 83.333, 87.879, 18.51, 1.2, 83.333, 0.269, 0, 34.483, 19.773, 0.565, 'user2'),
('4-Me', 90, 70, 85.754, 95.53, 85.977, 100, 85.754, 89.767, 17.518, 1.166, 85.754, 0.231, 0, 32.573, 20.227, 0.289, 'user2'),
('4-NO2', 96, 30, 91.293, 95.249, 91.439, 100, 91.293, 95.846, 15.604, 1.095, 91.293, 0.153, 0, 28.902, 21.591, 0.72, 'user1'),
('4-NO2', 96, 60, 91.56, 95.393, 91.577, 100, 91.56, 95.982, 15.115, 1.092, 91.56, 0.148, 0, 27.933, 21.591, 0.36, 'user2'),
('4-OH', 90, 45, 85.143, 94.859, 85.373, 100, 85.143, 89.757, 18.02, 1.174, 85.143, 0.242, 0, 33.557, 20.227, 0.449, 'user1'),
('4-OH', 93, 60, 88.611, 95.557, 88.868, 100, 88.611, 92.731, 48.15, 1.129, 88.611, 0.191, 0, 31.348, 20.909, 0.348, 'user2'),
('4-OMe', 90, 40, 85.44, 95.054, 85.549, 100, 85.44, 89.885, 17.312, 1.17, 85.44, 0.235, 0, 32.154, 20.227, 0.506, 'user1'),
('4-OMe', 90, 75, 86.096, 95.721, 86.149, 100, 86.096, 89.945, 16.752, 1.161, 86.096, 0.224, 0, 31.056, 20.227, 0.27, 'user2'),
('Benzaldehyde', 89, 40, 84.132, 182.49, 162.416, 100, 84.132, 46.102, 19.053, 1.189, 84.132, 0.26, 0, 35.587, 20, 0.5, 'user1'),
('Benzaldehyde', 91, 70, 86.127, 94.8, 86.268, 100, 86.127, 90.852, 18.007, 1.161, 86.127, 0.228, 0, 33.557, 20.455, 0.292, 'user1'),
('Ethyl methyl ketone', 94, 30, 87.805, 93.73, 88.107, 100, 87.805, 93.678, 20.98, 1.139, 87.805, 0.139, 0, 39.683, 3.321, 0.111, 'user1'),
('Furfuraldehyde', 88, 45, 83.025, 94.443, 83.11, 100, 83.025, 87.91, 19.866, 1.204, 83.025, 0.279, 0, 37.175, 19.773, 0.439, 'user2'),
('Indole-3-carboxaldehyde', 96, 60, 91.906, 95.756, 91.926, 100, 91.906, 95.979, 15.349, 1.088, 91.906, 0.145, 0, 28.409, 21.591, 0.36, 'user3'),
('Vanilin', 96, 65, 91.582, 95.658, 91.832, 100, 91.582, 95.738, 15.075, 1.092, 91.582, 0.148, 0, 27.855, 21.591, 0.332, 'user1');

CREATE TABLE `userlog` (
  `id` int NOT NULL auto_increment ,
  `username` varchar(50) NOT NULL,
  `password` varchar(50) NOT NULL,
  `email` varchar(50) NOT NULL,
  PRIMARY KEY (`id`)
);


INSERT INTO `userlog` (`username`, `password`, `email`) VALUES
( 'user1', 'user@123', 'user1@gmail.com'),
( 'user2', 'user@123', 'user2@gmail.com'),
( 'user3', 'user@123', 'user3@gmail.com');

